13 100
119 1100
217 2100
319 3100
429 4100
523 5100
623 6100
721 7100
822 8100
914 9100
1005 10100
1116 11100
1220 12100
1315 13100
1403 14100
1526 15100
1606 16100
1718 17100
1815 18100
1927 19100
2021 20100
2124 21100
2206 22100
2322 23100
2421 24100
2513 25100
2609 26100
2710 27100
2800 28100
2922 29100
2998 30100
3233 31100
3327 32100
3442 33100
3520 34100
3609 35100
3716 36100
3852 37100
3913 38100
4024 39100
4130 40100
4247 41100
4369 42100
4491 43100
4553 44100
4663 45100
5124 46100
5303 47100
